6.722709183140673089e-03 1.012546692461992470e-01 -3.462954899048810518e-03
-4.485197063974926714e-03 1.052159493329711260e-01 -1.622482145564967462e-02
-1.415695459670320185e-02 1.113435762314489569e-01 -2.942786197896951270e-02
-2.218722466140243127e-02 1.195587644651225911e-01 -4.255778880814801296e-02
-2.800993539439943295e-02 1.302849225053914484e-01 -5.496758463325589900e-02
-3.167548169843126260e-02 1.438838973801621623e-01 -6.530470585765038583e-02
-3.426088581045588083e-02 1.587274324711063778e-01 -7.398778224314628282e-02
-3.886652021770481413e-02 1.751860434410338063e-01 -7.704206243398130372e-02
-4.401565038121231510e-02 1.910463390385533089e-01 -8.188927431686540692e-02
-3.541890850630300541e-02 2.054295118409975307e-01 -7.742565775382447002e-02
-1.898306461216732466e-02 2.108366025705915303e-01 -7.887804160942563092e-02
-6.038327057855211524e-03 2.142501954087655258e-01 -8.994998978411386514e-02
7.998528375652501701e-03 2.079016820390361397e-01 -9.797805959860932112e-02
2.406494974068276033e-03 2.055776192762910071e-01 -1.142370912064694655e-01
-2.886062807062761242e-03 1.981470687659415975e-01 -1.290146735699329861e-01
-1.043000966689438570e-02 1.956913109610763923e-01 -1.444990082130474529e-01
-1.947841735853767312e-02 2.044507037392775672e-01 -1.564520215162375216e-01
-2.238546334583516040e-02 2.180282809573010905e-01 -1.668964331524748768e-01
-1.461410385248271791e-02 2.334403001154609081e-01 -1.686524255833206365e-01
-8.954388768185496741e-03 2.369842163310976468e-01 -1.846870359714642418e-01
6.614540110846837268e-03 2.442545563236312722e-01 -1.823721435758147158e-01
1.966405744690791213e-02 2.341295545636007669e-01 -1.877574315987757814e-01
2.220942269928117066e-02 2.340005841787147212e-01 -2.049484518533203903e-01
2.130159276452929518e-02 2.265206951667964319e-01 -2.206099778471637129e-01
2.721879345481972509e-02 2.104215706623960291e-01 -2.232617462290615862e-01
4.224300401746104716e-02 2.053671457506457965e-01 -2.303917451013952067e-01
5.693940836438590725e-02 2.142484655488297307e-01 -2.329255293957880890e-01
6.867455040467601579e-02 2.087327068152636245e-01 -2.213853874159838475e-01
8.288490207052578995e-02 2.004039030836346214e-01 -2.268055925758795388e-01
8.493143958026309892e-02 1.905205241931808569e-01 -2.126817806270314137e-01
8.606924516826623683e-02 1.737205163313049749e-01 -2.083933331522506982e-01
9.237272423123712994e-02 1.605937769439570728e-01 -2.178604679957162615e-01
8.620656046360471170e-02 1.459698600077119768e-01 -2.108559707892124491e-01
7.829579449840332050e-02 1.335105571906866906e-01 -2.200142820537921706e-01
7.833868645265762432e-02 1.202457339000096714e-01 -2.312433573009387844e-01
8.524375071958270600e-02 1.088594635087834495e-01 -2.424200002636139328e-01
9.888224632104571088e-02 1.091703400978027982e-01 -2.531422919094221680e-01
9.867642973298947073e-02 1.159806587400691036e-01 -2.691166194013339674e-01
8.960298458171016278e-02 1.052273114236540741e-01 -2.792382076350632958e-01
7.634641360957929168e-02 1.111961193488634064e-01 -2.887537954500178916e-01
7.383300027296121892e-02 1.158777894453952573e-01 -3.052991443716895903e-01
7.195239610295876831e-02 1.330025386384163510e-01 -3.072767612493146339e-01
5.940516609076700039e-02 1.304002943287050631e-01 -3.189718208136290700e-01
4.749476142829844871e-02 1.409483080225307772e-01 -3.120304858813583437e-01
3.268361451756083419e-02 1.372837743390884768e-01 -3.202651250617755685e-01
2.382882003402236187e-02 1.260795222276269723e-01 -3.103745379923948944e-01
9.515625806655797492e-03 1.287900430426782705e-01 -3.009445476756846816e-01
6.562013423415538962e-04 1.142554745166272506e-01 -3.043521156216222878e-01
-5.576058301946538141e-03 1.004967875801368316e-01 -2.957912302128416493e-01
-1.747547505299440473e-02 8.789024120465346868e-02 -2.967006790905388214e-01
-2.756912813617677302e-02 7.368785618538881144e-02 -2.973731598773776130e-01
-3.416590468035901607e-02 5.757024116717247841e-02 -2.974592113710513019e-01
-3.132650745818385540e-02 4.098402206684195054e-02 -2.931254081283068968e-01
-2.231580557339006565e-02 2.616524428291193763e-02 -2.939746432338349869e-01
-2.153302361425488837e-02 2.008520330733412282e-02 -3.102020300087841576e-01
-2.683066073372237723e-02 4.864062371257802872e-03 -3.038062351040908271e-01
-4.211215078300459269e-02 2.131998440207081311e-04 -3.106331808805713468e-01
-4.794062969149348596e-02 -1.325414248920096967e-02 -3.013853817170133453e-01
-6.197705716065139703e-02 -6.596850360550697394e-03 -2.936781419535465232e-01
-7.588199809642041938e-02 -5.789734769508803405e-03 -3.040307174356248199e-01
-9.269043642103058644e-02 -1.544229353822829153e-03 -3.051039797442096635e-01
-1.019726100703639560e-01 -7.574668700920069928e-03 -3.184431645901196761e-01
-1.187326432231705226e-01 -6.101131938687071737e-03 -3.227461614705086079e-01
-1.131407948679989117e-01 -3.068336838941224283e-03 -3.388137750477001053e-01
-1.182789584168756208e-01 1.349617684272683138e-02 -3.378968999084628888e-01
-1.100663272552965533e-01 2.586558382331445236e-02 -3.468597910280084018e-01
-1.239738708755760976e-01 3.617276300108200615e-02 -3.471095895039338908e-01
-1.149330748384573830e-01 4.860294468578146149e-02 -3.390207020683271844e-01
-1.205303377483481486e-01 4.800905306471184991e-02 -3.226653128645715629e-01
-1.241179880318550588e-01 6.145930646283975091e-02 -3.121889507871119518e-01
-1.324242959465768976e-01 7.554341733015410010e-02 -3.063335128897052284e-01
-1.263178908223921149e-01 8.793621841804097339e-02 -2.958713605253062151e-01
-1.320916177208173448e-01 1.027967866885272225e-01 -2.889462242315369855e-01
-1.460804193783012683e-01 1.105741174544548067e-01 -2.823021480978837872e-01
-1.462925329436382260e-01 1.071714759264507655e-01 -2.652683718657671275e-01
-1.631637525959923340e-01 1.038562414558011904e-01 -2.629083285666962699e-01
-1.603001088212591962e-01 8.987199982550841959e-02 -2.530721260120881722e-01
-1.736211059352708586e-01 7.875851358442149952e-02 -2.525580219202694932e-01
-1.709228771456675344e-01 6.271264697902204088e-02 -2.465091895580397985e-01
-1.733682576752977045e-01 5.950381883773793457e-02 -2.296320353517760093e-01
-1.693968868746235090e-01 6.394103784521559808e-02 -2.133095973539037571e-01
-1.632721847419230377e-01 4.906626455899007477e-02 -2.068646644502188936e-01
-1.475607266813127594e-01 5.381567642573955451e-02 -2.011869505799503688e-01
-1.357514426586947653e-01 4.592875664834824428e-02 -1.911853719540161367e-01
-1.286399077959796411e-01 5.151140667815136409e-02 -1.763646974698321324e-01
-1.292786278478542661e-01 5.785433578571443081e-02 -1.601897462550935236e-01
-1.397301758746653799e-01 6.085633242086499473e-02 -1.466896957325940221e-01
-1.288618574036175801e-01 6.955903485096075201e-02 -1.363390690532655658e-01
-1.264655636287661811e-01 6.213687494395168931e-02 -1.208283003494402402e-01
-1.214373905656088437e-01 6.054424334768854221e-02 -1.042872392826072747e-01
-1.184539714195819021e-01 5.799814747836313372e-02 -8.731188443095133644e-02
-1.167422889809539843e-01 5.489219577096563635e-02 -7.016362361912392709e-02
-1.170666140001657418e-01 5.080404301603101691e-02 -5.305041590669815760e-02
-1.195467607472751742e-01 4.555790073902045434e-02 -3.649662036604809506e-02
-1.231670774006884267e-01 3.964479544332570604e-02 -2.043705757007649101e-02
-1.274673611145892005e-01 3.345545709224547609e-02 -4.656789485595815882e-03
-1.323403233900100895e-01 2.746583812306755204e-02 1.096462014837180921e-02
-1.378952314456787787e-01 2.312959124364042524e-02 2.693992811999767339e-02
-1.442537702315346004e-01 2.354455381740168732e-02 4.316368090257772377e-02
-1.506167835833834567e-01 2.906108449308460184e-02 5.839442845927570597e-02
-1.519290784476589606e-01 4.089476117080567685e-02 7.103721804189719324e-02
-1.649092111532417249e-01 5.239695047851088833e-02 7.072749914823175943e-02
-1.630394082916361287e-01 6.477501678927255480e-02 8.278626185333196053e-02
-1.668423122620844856e-01 7.368238206101090926e-02 9.720959707312379350e-02
-1.729935367535269108e-01 6.922699944181033571e-02 1.127951415480301367e-01
-1.891656260138321055e-01 7.547343640026081546e-02 1.138510807223385990e-01
-2.032748894084893676e-01 6.655875054321894191e-02 1.187099139646362739e-01
-2.153034301246627702e-01 6.165791405063331815e-02 1.071794585746417144e-01
-2.322887328806393925e-01 6.399058957965676753e-02 1.043354610891806533e-01
-2.346090131925528399e-01 5.300913536212087385e-02 9.116019313082750208e-02
-2.357967948550628301e-01 3.568494846155580158e-02 9.212877837420412053e-02
-2.426567153254780007e-01 2.722153027897992669e-02 1.056307602564662135e-01
-2.415193795834567059e-01 1.131472179802855450e-02 9.875997227060161199e-02
-2.375770171484606896e-01 8.577979834707990343e-04 1.120033302855227425e-01
-2.273347496185655348e-01 -1.057350905648446644e-02 1.201874288367254934e-01
-2.172950490187144090e-01 -1.104849449078543558e-02 1.343321169233563650e-01
-2.058581596100517719e-01 -1.688455072142902580e-02 1.460552210491570801e-01
-1.915234035400478763e-01 -9.263610252876215007e-03 1.522164284642278098e-01
-1.803065917985194333e-01 -2.215588663527403093e-02 1.551446193029101805e-01
-1.672270177068360952e-01 -2.124775771771143101e-02 1.437598926185051917e-01
-1.537173848514322427e-01 -2.533975971580021760e-02 1.336391356829375598e-01
-1.559851078137572122e-01 -3.145893812356343605e-02 1.175504146473780598e-01
-1.532243758371052700e-01 -4.209603387125605140e-02 1.040901944370725279e-01
-1.478293131691204576e-01 -5.550550618697824845e-02 9.439276963374329532e-02
-1.445528537248839951e-01 -7.256361508448798403e-02 9.289161980831300847e-02
-1.422387753571155433e-01 -8.947134850592639022e-02 9.641564552133242982e-02
-1.405156267984221385e-01 -1.058785605640482769e-01 1.018043703424518082e-01
-1.403718743496117360e-01 -1.224675204674521567e-01 1.071657144432818232e-01
-1.427359725115494582e-01 -1.385332757922573266e-01 1.133368345185728487e-01
-1.505814383610929730e-01 -1.525524286034887766e-01 1.200602297600463636e-01
-1.575165071502755698e-01 -1.607799090052491886e-01 1.336493229516885484e-01
-1.742010423421746779e-01 -1.626432050692347975e-01 1.380652359491062187e-01
-1.819498388637164621e-01 -1.732531402229101347e-01 1.267393519998621099e-01
-1.870001326723987889e-01 -1.873986050426973138e-01 1.354371698743606078e-01
-1.817795186540770436e-01 -1.998678176352233493e-01 1.462941467724426514e-01
-1.768837297236956485e-01 -2.106269359647827688e-01 1.336368483001710572e-01
-1.720678580783436551e-01 -2.252665646586249626e-01 1.255053077256204352e-01
-1.772326505414702769e-01 -2.408836666636245960e-01 1.199972123758884790e-01
-1.826526244318635861e-01 -2.380711047390256241e-01 1.037952211866412094e-01
-1.721633365960093254e-01 -2.513657841546543814e-01 1.000722926898200416e-01
-1.621143455959737079e-01 -2.426441790767612239e-01 8.899581491521411925e-02
-1.451063194015960456e-01 -2.400935742029764175e-01 9.133915560087793595e-02
-1.340041485564765489e-01 -2.485695346715420528e-01 8.100983561931328347e-02
-1.292618837304015667e-01 -2.628052653816944084e-01 7.228951833436961238e-02
-1.268777856585089070e-01 -2.739416095124952433e-01 8.533731871349188591e-02
-1.096593041413804065e-01 -2.722094955752663581e-01 8.434643830482491111e-02
-1.104668957099278204e-01 -2.789191595648863320e-01 1.002900483340786464e-01
-1.007434973789501920e-01 -2.659377029319874297e-01 1.064495113538722337e-01
-9.054228813732556613e-02 -2.543159753803503342e-01 1.143577399644711279e-01
-8.155170169843480033e-02 -2.606408693806985810e-01 1.277540349773861050e-01
-8.482934109035382420e-02 -2.533847500590953872e-01 1.431908460311161480e-01
-8.451491445980714723e-02 -2.559249990775107064e-01 1.603587985128026028e-01
-9.680175056442176518e-02 -2.461235286600631789e-01 1.676703699136430081e-01
-8.288479908181650702e-02 -2.393553406065864753e-01 1.754309851090591343e-01
-8.294937193471889347e-02 -2.255857115113502898e-01 1.649002784826620882e-01
-7.505641229454677876e-02 -2.103226979278662867e-01 1.621427805796476773e-01
-6.630915343992595246e-02 -1.952819952910880563e-01 1.622738628021978824e-01
-5.534654423781316945e-02 -1.821928254352064014e-01 1.654607657987240410e-01
-4.371807111933023043e-02 -1.698721278650609512e-01 1.692611931938064473e-01
-3.725808740353021842e-02 -1.578627462669788817e-01 1.585391944550203491e-01
-2.915641285026161766e-02 -1.447108274859774946e-01 1.504947711881047812e-01
-2.008722060949381591e-02 -1.299013344730541863e-01 1.509120910308090480e-01
-8.719110883489571834e-03 -1.322293320108469394e-01 1.380029558936742839e-01
3.754062804427919960e-03 -1.204160835754621711e-01 1.406442368014541866e-01
1.966934874521232904e-02 -1.168018456014228851e-01 1.346851567691172147e-01
3.382366438859275848e-02 -1.152604532289396300e-01 1.247068424952686577e-01
4.898046444588446957e-02 -1.130172487373071188e-01 1.164427760536816958e-01
6.429230606997984876e-02 -1.096488724482868743e-01 1.089915826797905052e-01
7.860060052906020500e-02 -1.084529788805095735e-01 9.916778783766103111e-02
9.230827704674329781e-02 -1.097613620339188412e-01 8.842849137783749536e-02
1.039555282810055714e-01 -1.124797275777812827e-01 7.575828415738110333e-02
1.128922877507456124e-01 -1.154769763884689882e-01 6.111256871256017659e-02
1.214842125184931870e-01 -1.172499189588906976e-01 4.609773702277021601e-02
1.196248696175226389e-01 -1.214724586845788573e-01 2.935945006239779054e-02
1.174695763289994449e-01 -1.353654489844521303e-01 1.916807042019244567e-02
1.308675235998001396e-01 -1.374440072247085365e-01 8.325544104702261444e-03
1.278987814481971352e-01 -1.533252684660403042e-01 1.900134114444014533e-03
1.380783243793839155e-01 -1.665681618631406902e-01 -2.806317868291276132e-03
1.333350067792321847e-01 -1.810830704898936661e-01 5.425558375834851552e-03
1.484614700911866814e-01 -1.894760042774315811e-01 4.382578327625621765e-03
1.471492524892371867e-01 -2.011099196522828092e-01 1.719366846724050199e-02
1.576203563649212769e-01 -2.066055447849962923e-01 2.991294874269788753e-02
1.698079490333651576e-01 -2.010041726458629274e-01 4.090928957834639307e-02
1.678368132528523238e-01 -2.040004148798847949e-01 5.789092970745975814e-02
1.703172967062394905e-01 -1.900157416086825368e-01 6.785807115584059634e-02
1.783746285017518141e-01 -1.799452191310220162e-01 7.950271102058467654e-02
1.928963611710047266e-01 -1.734819056076478405e-01 8.653235265418159072e-02
2.102262080259105492e-01 -1.728573378424703433e-01 8.602744289161831648e-02
2.236225094898418031e-01 -1.629590054682522882e-01 9.096050181895204423e-02
2.279037587552208144e-01 -1.499275595402308203e-01 8.041527417983286574e-02
2.412908755723899290e-01 -1.433481315479656903e-01 7.139531277953338473e-02
2.544118818950912853e-01 -1.381054309930005719e-01 6.126050079910431989e-02
2.706249397399860812e-01 -1.394719787386016763e-01 5.521531490747427773e-02
2.796423508229816668e-01 -1.448090734593649176e-01 4.138791574337894602e-02
2.740953989327535312e-01 -1.380255072601470068e-01 2.641562471512115540e-02
2.759800185165230957e-01 -1.265526950024686847e-01 1.353082180359194489e-02
2.852018209609151200e-01 -1.152963919637761819e-01 3.962651442223165399e-03
3.016782967167051521e-01 -1.127984637579533406e-01 -7.811493780092202506e-04
3.103863836988248748e-01 -9.864164445441686579e-02 4.238879856597729465e-03
3.131122148088595347e-01 -8.865032964599764420e-02 -9.671988308725398831e-03
3.120233070140663867e-01 -7.169408751139506875e-02 -6.119268384202181110e-03
2.955429596468098774e-01 -6.641654810653198349e-02 -7.390333402091354802e-03
2.967890560684929846e-01 -4.928543031985723605e-02 -9.877726324784327772e-03
2.870054105108511555e-01 -4.252137806555809918e-02 2.758332544046005353e-03
2.951544232336233975e-01 -2.801640959773397596e-02 7.693274027002231993e-03
3.037084315322285399e-01 -2.940587971582370175e-02 2.273738514967103136e-02
3.201957636925678585e-01 -2.511052031915404423e-02 1.947879703710709773e-02
3.275794239954177844e-01 -3.133040423800665525e-02 3.391086144965391180e-02
3.392167229240679593e-01 -2.151216048620401000e-02 4.223421195968415920e-02
3.335776953672421885e-01 -7.216356945167186863e-03 5.025266604411996602e-02
3.218619386571240359e-01 -7.179562358529894585e-03 6.304887662681732396e-02
3.184895766903828029e-01 -1.594789943393811610e-02 7.763737443047959152e-02
3.321220794519367248e-01 -1.686323440810834698e-02 8.832808192293603589e-02
3.371904821479554393e-01 -3.321171759188655537e-02 9.125898557670371336e-02
3.335291355173670147e-01 -3.669052952379176641e-02 1.078480066590108283e-01
3.245880985675207997e-01 -5.150219882674238192e-02 1.064313048436767578e-01
3.156036745062139603e-01 -5.916924721777545859e-02 1.191299419974955615e-01
2.996686931279847754e-01 -6.498539776534612011e-02 1.227016340384034926e-01
2.869030886231473398e-01 -6.788732063562213925e-02 1.341379367882938600e-01
2.785057733099965405e-01 -6.547753851125066860e-02 1.491697489704850721e-01
2.816221917517470752e-01 -6.050588611166277109e-02 1.655044557452045317e-01
2.665499982805872858e-01 -5.852309071221818010e-02 1.738350312095996442e-01
2.710612203504697559e-01 -4.519889487195779404e-02 1.840026569736404605e-01
2.578486690940027803e-01 -3.464074610400256354e-02 1.878807315756624574e-01
2.616258101136170744e-01 -1.827544809244792054e-02 1.923029100280917725e-01
2.652274235834470306e-01 -7.279506432160427060e-03 1.793927127402321353e-01
2.505876834180478241e-01 1.854991836583817473e-03 1.812431676810663805e-01
2.473522865949764615e-01 8.040819344318181003e-03 1.653631836417632783e-01
2.303798643535270863e-01 1.137371598543523640e-02 1.642524602227899422e-01
2.216222284584960511e-01 -1.022110723875508265e-03 1.558543220847098398e-01
2.049001909056736015e-01 -4.457959782120686845e-03 1.589752057041554922e-01
1.878728867209031317e-01 -5.983513876414464638e-03 1.558112229323908582e-01
1.709049331747307943e-01 -5.458104893830828010e-03 1.523122402703777356e-01
1.577010324234752181e-01 5.388276698807794619e-03 1.492186836003318584e-01
1.455470420950348565e-01 1.777526280827770866e-02 1.471723139666067104e-01
1.347287768127480023e-01 3.124871044654708996e-02 1.455933758065965089e-01
1.278468816647208017e-01 4.609583481795051507e-02 1.513302811350123456e-01
1.222680282146984543e-01 5.451729553016782664e-02 1.372479015798734880e-01
1.126517411652305095e-01 6.873118136376681064e-02 1.400469654230477590e-01
1.176741866534455200e-01 8.530875949221232435e-02 1.407996843624614025e-01
1.154408688138126166e-01 9.386082068602294437e-02 1.258606448724033933e-01
1.005116971232758588e-01 1.011488811068916444e-01 1.208504209628689513e-01
9.620770977298487292e-02 9.899811623738674626e-02 1.041944230392994192e-01
9.108557624685779952e-02 1.036340716740986184e-01 8.822978896278110827e-02
9.063677041698965653e-02 1.118169768177070950e-01 7.293735238912082974e-02
9.338506852137919145e-02 9.869865562012489213e-02 6.193786562569824489e-02
7.966509362608224787e-02 9.200673457737107430e-02 5.367471147052552127e-02
6.304115275968331933e-02 9.236857526418489062e-02 4.865561571806851365e-02
4.962764761078551634e-02 9.319024885869327257e-02 3.761287455976131122e-02
3.396437222598915062e-02 9.665505673262424213e-02 3.095109614402440090e-02
2.623496727961795866e-02 9.691618776491349452e-02 1.543219549083250063e-02