5.418562698485295676e-03 4.765233681559739864e-02 7.524300815715227395e-03
8.977804563226162576e-03 6.148011600196318094e-02 1.665803969095670453e-03
1.437353974602576315e-02 7.444567286367757830e-02 -4.801458632248599596e-03
2.142391634570776568e-02 8.647695662016503804e-02 -1.140521673836863113e-02
3.031271030292978508e-02 9.771971552045628784e-02 -1.705312822411863063e-02
4.124845387219896325e-02 1.078420345875953368e-01 -2.108853025544845869e-02
5.262408828846046327e-02 1.178988589925096947e-01 -2.348835123379931084e-02
6.464795294193764752e-02 1.242354623426124571e-01 -1.634981078302036664e-02
7.378203977243348588e-02 1.362972812762379138e-01 -1.898271433317567577e-02
8.552083079297807811e-02 1.367560005709793081e-01 -9.117186000656356260e-03
9.380143314273851896e-02 1.239090226492794988e-01 -1.057003682456453091e-02
1.074884904239430117e-01 1.288554201978332481e-01 -1.547550283745123718e-02
1.108894813884946234e-01 1.299660340449926010e-01 -3.041173300431626592e-02
1.114078439495283096e-01 1.150136996802723632e-01 -3.384820213723904736e-02
1.025600493491067022e-01 1.114362517781837952e-01 -4.587975199657091246e-02
1.007985920997507279e-01 1.085624239871958024e-01 -6.089383132025984885e-02
1.066978309238409695e-01 9.653772636054842871e-02 -6.842219102975978517e-02
1.216940616533812441e-01 9.625695848371641772e-02 -7.173017069368121945e-02
1.313254669199408198e-01 1.059394646218691088e-01 -7.872963730370045876e-02
1.330955622752525991e-01 9.732336661865136074e-02 -9.132184021536216001e-02
1.238953834493679296e-01 1.064707439441498482e-01 -9.951447334537405487e-02
1.215719427360762300e-01 9.695656394163340575e-02 -1.113532373122080449e-01
1.119350977956827808e-01 1.066465753552332807e-01 -1.183920621550240276e-01
1.166429564488756371e-01 1.118760290523773404e-01 -1.320506152665543165e-01
1.201598685733586969e-01 1.267754411121397307e-01 -1.309249847284094104e-01
1.312779460098988382e-01 1.288505050623359183e-01 -1.413477224857560832e-01
1.458083384275788430e-01 1.241788530773551696e-01 -1.397072104406938131e-01
1.504971609489344497e-01 1.372993321718184168e-01 -1.461525555768375395e-01
1.639860780782153860e-01 1.343681244380068307e-01 -1.394633864375782739e-01
1.611615624306011463e-01 1.426258477771004118e-01 -1.268427343394471218e-01
1.590840574244103967e-01 1.578063298030907280e-01 -1.278421035330759292e-01
1.701206875394943030e-01 1.639082541156607342e-01 -1.365980479985028917e-01
1.618831633476391085e-01 1.719619420667154730e-01 -1.467124124999803492e-01
1.502466062200573105e-01 1.800841398955035921e-01 -1.408440552278912294e-01
1.535852757155873882e-01 1.950369053131359998e-01 -1.397679408547223279e-01
1.627233300737776500e-01 2.029295009873033351e-01 -1.302705989092011463e-01
1.574511906774204717e-01 1.986977750459802683e-01 -1.164932690444676205e-01
1.689359450945729368e-01 2.067509560681717873e-01 -1.102833762209818047e-01
1.621817612621684335e-01 2.204963566800569041e-01 -1.109919545720989831e-01
1.539530026012515818e-01 2.191615100799272353e-01 -9.809504827514689551e-02
1.427243124782588413e-01 2.260140702692136627e-01 -1.060287985854470871e-01
1.435122741324040552e-01 2.352405662293769462e-01 -9.380743072267322402e-02
1.323075899132006295e-01 2.282695870239427882e-01 -8.597485269520468987e-02
1.194835552448829524e-01 2.262564720885934244e-01 -9.416837025499708025e-02
1.161611268288193638e-01 2.412264369087256111e-01 -9.433819184717852357e-02
1.116045754315343197e-01 2.410744644412304016e-01 -1.089995678341547369e-01
9.668823055462417992e-02 2.413104977887387814e-01 -1.054107289337319897e-01
9.488060341381829299e-02 2.349360061099382557e-01 -1.192637792563822074e-01
8.275620513231944642e-02 2.274907244763241798e-01 -1.135241253454205290e-01
7.566807746419398906e-02 2.203361548109382395e-01 -1.251035478356036235e-01
6.275420305855844427e-02 2.170683710473329808e-01 -1.327957206104555254e-01
5.091256690978045868e-02 2.182737205443406325e-01 -1.425376488785562445e-01
5.097117779586160524e-02 2.215861291104450348e-01 -1.575276895117750098e-01
5.456497610585953756e-02 2.316319596883113230e-01 -1.685553287424631508e-01
4.558711223642895188e-02 2.439891626919845347e-01 -1.671980388143060048e-01
3.357216376376619127e-02 2.345505779603221930e-01 -1.685093092488043343e-01
2.943522248105294448e-02 2.400168140473282197e-01 -1.822380900502921508e-01
3.699264731977051218e-02 2.309509554470608184e-01 -1.920330245461049912e-01
2.287422904333867232e-02 2.256731219389384036e-01 -1.948839815666525421e-01
3.000389598352650594e-02 2.126476846406283039e-01 -1.987804441571969227e-01
2.283680181644975535e-02 2.001618722941100603e-01 -1.934218447008831387e-01
1.318355537351013212e-02 1.941320134569816391e-01 -2.037138199457693699e-01
1.436965624229526867e-02 1.810123017400568080e-01 -2.116051434682347798e-01
2.842817561729540227e-02 1.774919006913198705e-01 -2.066754155025286310e-01
2.154496654248505907e-02 1.704006453351543937e-01 -1.949230089520383180e-01
2.292855444381663652e-02 1.552373560361237637e-01 -1.929830333130773123e-01
7.911362545234503288e-03 1.552346182515156048e-01 -1.899222950816787658e-01
1.117967381262106701e-02 1.507461819364449285e-01 -1.755917048306051553e-01
2.357165089395611181e-03 1.609631097521692644e-01 -1.683453414279652560e-01
-1.217317359727601404e-02 1.578262056861093610e-01 -1.643858159226805338e-01
-2.365673844960886757e-02 1.498771616630974191e-01 -1.707483127651373001e-01
-3.240529500349630804e-02 1.497760413578076988e-01 -1.581597124353268380e-01
-4.479313974144218807e-02 1.532077215162501727e-01 -1.665531658491875844e-01
-4.642646060040932915e-02 1.681684985591159753e-01 -1.694671774412752352e-01
-5.471768577331083405e-02 1.657581475625864997e-01 -1.567740247701232825e-01
-5.764434248174218206e-02 1.805614087037832327e-01 -1.595289260691918065e-01
-5.963497318256695545e-02 1.801398664844544306e-01 -1.443433589832248398e-01
-4.664924229476697520e-02 1.882342667233520839e-01 -1.431561231556522096e-01
-4.715963872598550460e-02 2.026701121003655348e-01 -1.379722909266509479e-01
-4.140114756501758753e-02 1.996914675661104199e-01 -1.240607421881588790e-01
-4.834886500554406996e-02 2.058415733604085918e-01 -1.118053576830551343e-01
-3.492470797025876844e-02 2.095394877759279573e-01 -1.054137437655306986e-01
-4.200337099085686005e-02 2.036937488325946954e-01 -9.311560672224829249e-02
-3.488018860349163114e-02 1.903674174435207866e-01 -9.037304675772921125e-02
-4.017737859426460945e-02 1.882679007044172070e-01 -7.611275704942861708e-02
-3.207593256788976444e-02 1.952759605168153945e-01 -6.510895375025592402e-02
-2.140001825136092495e-02 1.845367406833569313e-01 -6.267242889897305103e-02
-2.980003226076885156e-02 1.845218558101345829e-01 -4.983870538680435641e-02
-2.754564593257234281e-02 1.693648394275978075e-01 -4.904801688317377700e-02
-2.560494902918691515e-02 1.623604670196559796e-01 -3.552384154861989995e-02
-2.504093135143948060e-02 1.540770552437614460e-01 -2.252882493773972900e-02
-2.543639983825181708e-02 1.465779465401428616e-01 -8.986603917306296152e-03
-2.735847900770344704e-02 1.399952519128291328e-01 4.996826603088587102e-03
-3.064909181252883918e-02 1.349967177188142464e-01 1.934080663450407286e-02
-3.465509540877248496e-02 1.309511622636473638e-01 3.376893489419772326e-02
-3.912385194272240130e-02 1.276181557862617888e-01 4.822586519982107606e-02
-4.348957251884709441e-02 1.249751962430159513e-01 6.280691289633828778e-02
-4.703018680018751507e-02 1.230479822376376736e-01 7.773444828767275827e-02
-4.859143065938474615e-02 1.224264227222020135e-01 9.307360098129688342e-02
-4.609897749195456668e-02 1.236162259635871646e-01 1.082122983542598976e-01
-4.612351741510727077e-02 1.244395008108216683e-01 1.235440142776912664e-01
-3.428736182798269166e-02 1.322396520534879771e-01 1.294381543120047828e-01
-2.486808106529531798e-02 1.224165258650912191e-01 1.365718682254705718e-01
-2.800926800430517463e-02 1.211236555396429243e-01 1.515479920766127364e-01
-1.807173327715303965e-02 1.316540063455337306e-01 1.566462935024346415e-01
-1.586729584213916050e-02 1.226969750584072233e-01 1.689110329021404622e-01
-2.643134345778225258e-02 1.252814249855776774e-01 1.797560507870419044e-01
-1.940691897304803321e-02 1.374876885253075998e-01 1.858736462196461103e-01
-2.715313414800032618e-02 1.504216014809661717e-01 1.829162135699468894e-01
-3.388254479342715786e-02 1.468986395752684693e-01 1.962293958950089567e-01
-4.203198527583159455e-02 1.595375917908979924e-01 1.930635125860079016e-01
-5.409570102607996062e-02 1.544229594218784196e-01 1.850879863497429390e-01
-6.315118423857911389e-02 1.576597181181241258e-01 1.970502065036236483e-01
-6.689690431377090518e-02 1.428760040264752951e-01 1.985344068301980180e-01
-8.120736814648624180e-02 1.373249734152957313e-01 1.976144579475147267e-01
-9.011335754201785231e-02 1.290621927149393777e-01 1.882403150422979898e-01
-1.013693797579122147e-01 1.394506358495599674e-01 1.871629013056062552e-01
-1.056906381908327142e-01 1.494519765624784113e-01 1.763468684410402498e-01
-1.009255453653496032e-01 1.433726151740927213e-01 1.630951741388858012e-01
-1.151089509427190988e-01 1.375791489632880726e-01 1.620393353345696008e-01
-1.143782625262452640e-01 1.333760973886309875e-01 1.472858603974809832e-01
-1.071196130237851846e-01 1.198986400264427793e-01 1.460806562211597603e-01
-1.116227678636595999e-01 1.097318882590850447e-01 1.354868558133802137e-01
-1.126230167435649937e-01 9.443629079341760157e-02 1.342538946396048261e-01
-1.207526908736496069e-01 8.137238324121089106e-02 1.346207770978447571e-01
-1.308090451826520451e-01 7.054252462934537671e-02 1.389346928736314157e-01
-1.413623290241964869e-01 6.075673549728968087e-02 1.442586127301950516e-01
-1.513675041969462232e-01 4.986982653163799656e-02 1.485294254020153859e-01
-1.637558877172096694e-01 4.416883479179072730e-02 1.555776633669259945e-01
-1.762367681439012956e-01 4.437924070482549693e-02 1.645501229358734829e-01
-1.779980686159161607e-01 5.296658581123281362e-02 1.771439377955674466e-01
-1.836444448214507030e-01 4.229813385648027724e-02 1.866313286604672494e-01
-1.961470403958122666e-01 5.117297394381156023e-02 1.859380769257863997e-01
-2.025194077667921144e-01 4.186854562603164326e-02 1.963612648763160551e-01
-2.078119455039953156e-01 2.816337482814685461e-02 1.919384520351238299e-01
-2.218633936510673865e-01 3.368559256445701616e-02 1.892050496865924081e-01
-2.304332571642780936e-01 2.604802330990120887e-02 1.789860021217651587e-01
-2.372648687457405148e-01 3.676125287310319512e-02 1.703805118879374580e-01
-2.500964040298551128e-01 2.977265100650920357e-02 1.749663188696822247e-01
-2.481075258454062127e-01 1.790880413471196766e-02 1.654539540750228077e-01
-2.543356879822687433e-01 2.723432547684967106e-02 1.550092993847543288e-01
-2.429807413050175113e-01 2.339033126323185330e-02 1.454243318234060556e-01
-2.509561180806419434e-01 1.219541975954398921e-02 1.385808478251067122e-01
-2.542073246391609587e-01 1.656722178916845978e-02 1.242419341377148101e-01
-2.391637789242191947e-01 1.709308528556915951e-02 1.213785507406044406e-01
-2.436850476055460457e-01 7.847493091114784644e-03 1.100133690206602372e-01
-2.397531566381738422e-01 -4.804228229048222026e-03 1.177116423425208502e-01
-2.255840961237102482e-01 -3.450354174422570665e-03 1.119647531569813864e-01
-2.163613764166379128e-01 -9.837035732171149280e-03 1.224582458417258768e-01
-2.114898052425669139e-01 -2.144857706372261738e-02 1.136987124348637079e-01
-2.158577594855371762e-01 -3.473972992154283207e-02 1.200284265093002761e-01
-2.195232791016802909e-01 -3.964451454837856353e-02 1.341105676808488911e-01
-2.066603510664954957e-01 -4.794740526899109179e-02 1.331157432892663972e-01
-2.125586026994377986e-01 -5.026846750620741350e-02 1.470631006515701056e-01
-2.030262442410259160e-01 -3.895535284283087318e-02 1.511089698483898680e-01
-1.885926931643644444e-01 -3.630485118291672253e-02 1.556758088257918504e-01
-1.742596883030851085e-01 -4.020506865062985907e-02 1.596103889763605121e-01
-1.674004597432800501e-01 -4.750233008952317593e-02 1.712493744363176029e-01
-1.567249752105659422e-01 -3.858131457402669967e-02 1.777348763498593498e-01
-1.447250422035670225e-01 -4.148210940463354507e-02 1.686395408199682644e-01
-1.310086346223392484e-01 -3.455311361910028134e-02 1.679619869503497787e-01
-1.175735489512375331e-01 -3.528723504446037301e-02 1.753724907748182849e-01
-1.084760952999624523e-01 -3.765418991336919041e-02 1.632263045888613096e-01
-9.428822324431031243e-02 -4.343518910011654605e-02 1.644720981423141715e-01
-9.303383767117094638e-02 -5.692216851427855245e-02 1.572316132285697388e-01
-8.173677204251471318e-02 -6.490801436425303050e-02 1.639205251816663045e-01
-6.720069803338930836e-02 -6.940318248228538600e-02 1.616583620151194889e-01
-5.500839136960772313e-02 -7.715468114551711498e-02 1.564634832250419993e-01
-4.148739071456979816e-02 -8.393015514656870790e-02 1.593143130871013669e-01
-2.853515255339377291e-02 -9.001370695162012880e-02 1.650742127959984873e-01
-1.618721518324204439e-02 -9.421762975041308996e-02 1.732571893936574736e-01
-4.492457064347451026e-03 -9.380209657026973569e-02 1.832330029815690542e-01
-1.604146949864660538e-03 -8.772491251988306926e-02 1.970440020134454906e-01
1.285159592197174759e-02 -9.039579218679541506e-02 2.014711825834725190e-01
1.056590387129970575e-02 -8.098640202727699910e-02 2.133874730109055762e-01
2.400086718507750752e-02 -8.454032226276536610e-02 2.199124059739439863e-01
2.081809866491504332e-02 -9.494070481236717429e-02 2.307661501465740894e-01
1.080590161250357360e-02 -8.991896458850529017e-02 2.412702877050119377e-01
1.164598165376001804e-02 -1.004368837609826703e-01 2.523840692659698459e-01
-3.382469691443130110e-03 -1.022006558931566195e-01 2.498244626666022150e-01
-7.545581903843912898e-03 -1.123986356582437202e-01 2.605111118906601742e-01
-4.387354764079524905e-03 -1.265762352027276771e-01 2.555441175243337026e-01
-1.764762343417414225e-02 -1.308597942165858896e-01 2.491069352567023554e-01
-1.414415988957114408e-02 -1.457536230346292705e-01 2.478936315417530900e-01
-1.207740498533691094e-02 -1.446562009236084245e-01 2.327312939845013473e-01
-1.901284740817382052e-02 -1.562459190437821555e-01 2.254095531761774185e-01
-1.582418345693642134e-02 -1.710538667878682972e-01 2.279069473305769811e-01
-1.013731626470289887e-02 -1.781099995899569355e-01 2.155376353322961958e-01
-1.654011806634668067e-03 -1.891244275716415235e-01 2.220702584208242847e-01
6.328722409533141073e-03 -1.892434286179923153e-01 2.090055258753730771e-01
1.865277121965327328e-02 -1.970678717202261621e-01 2.137416078069177272e-01
2.771098376651740663e-02 -2.088541866226643617e-01 2.099141582588477384e-01
3.497332853108058026e-02 -2.084652239733966184e-01 2.234267736005793314e-01
4.556686931365824117e-02 -2.170870676502992813e-01 2.164587544753223680e-01
5.505519397577018220e-02 -2.053545024153937137e-01 2.137086520604962459e-01
6.008924886950593736e-02 -2.025805672324362816e-01 2.279308106263541467e-01
7.349348893242885206e-02 -1.951346122357194013e-01 2.290567450789488257e-01
8.501164449011568147e-02 -2.052336840173597521e-01 2.296175069463290142e-01
9.355292701723692816e-02 -1.928565378887261705e-01 2.326758886527529602e-01
1.052168613860901270e-01 -2.022135401720069059e-01 2.292633893068547757e-01
1.093438162080254406e-01 -1.959324366130215656e-01 2.158899055008760837e-01
1.199108911789618231e-01 -1.883145188908069978e-01 2.239821749053318156e-01
1.129896458709034185e-01 -1.760879025915804419e-01 2.177850280298276597e-01
1.242460789930097953e-01 -1.680999442215298789e-01 2.244974559711991058e-01
1.220163704310388009e-01 -1.584593886327905210e-01 2.127763731846748774e-01
1.361765145756448359e-01 -1.625331465411201659e-01 2.084739131144290603e-01
1.308141399094459589e-01 -1.684502237136239478e-01 1.953782966997758830e-01
1.429522394142300756e-01 -1.613857116437459327e-01 1.891988649725529215e-01
1.390719047789606699e-01 -1.477094551605720174e-01 1.834146841781718607e-01
1.257554298627337752e-01 -1.480654297091845428e-01 1.758209622501436253e-01
1.337497718937162294e-01 -1.490438897221101622e-01 1.627556444561587268e-01
1.250573600152087295e-01 -1.610487036413102702e-01 1.587628268504351625e-01
1.370618116616266480e-01 -1.696955930863556783e-01 1.546866090054559717e-01
1.305118702747071202e-01 -1.699484769562761843e-01 1.408169875855545816e-01
1.285317732630655296e-01 -1.848769282013808801e-01 1.437536339601223345e-01
1.160424392748010403e-01 -1.830289518014470984e-01 1.350299475908489089e-01
1.057654023684694300e-01 -1.933393174784930613e-01 1.398450339516496554e-01
9.458179002145536418e-02 -1.835555512580790416e-01 1.360704454413349807e-01
8.363413805484160024e-02 -1.788321986162139110e-01 1.263901743226487351e-01
8.026386307609970072e-02 -1.809555061621945515e-01 1.115543338640251209e-01
8.229760951771453170e-02 -1.952444194351323214e-01 1.063378266352693891e-01
7.313838796748464710e-02 -1.909665278191566562e-01 9.481218045406057671e-02
7.140580644472298288e-02 -2.057775629140748130e-01 9.120532046419378702e-02
6.127781601859202260e-02 -2.107155173935213177e-01 1.016215195432794843e-01
5.337289225915262114e-02 -2.172056207903504121e-01 9.016784052715517972e-02
4.258949563073575334e-02 -2.184685958678004025e-01 1.009864445706697839e-01
3.457065042111740621e-02 -2.109388036946558964e-01 9.028339357826443978e-02
2.351164780622325493e-02 -2.108159139351430400e-01 1.009139314368331514e-01
1.729134784638612643e-02 -2.014952186408991985e-01 9.043626790072802069e-02
1.124310125857089226e-02 -1.951145934088916178e-01 1.030141524149658788e-01
9.843483381246680153e-03 -1.812148843656907204e-01 9.666451768519525312e-02
-1.602128762294921602e-03 -1.711185476923240689e-01 9.485387465886600811e-02
-4.952390121695104605e-03 -1.562204724574171033e-01 9.631353793696434407e-02
-9.549784365740266595e-03 -1.450107610279816328e-01 8.687549161226704175e-02
-1.360525350291164060e-02 -1.340955699098092813e-01 7.674876611049882835e-02
-1.899583542913568096e-02 -1.242334901535550595e-01 6.628394042800331287e-02
-9.901080716508896956e-03 -1.171001348625207994e-01 5.618599650689268948e-02
-2.203193597738272586e-02 -1.123739832372668279e-01 4.807359216342065728e-02
-1.958757360616760965e-02 -1.125036005100156639e-01 3.290931573933841836e-02
-1.104785497061150715e-02 -9.998889276678009363e-02 3.050691359682669926e-02
-2.241234138278093424e-02 -9.504943726967746143e-02 2.145347612824467093e-02
-1.308711955988673542e-02 -8.530597170414681851e-02 1.414246084485377974e-02
-2.294827532730437866e-02 -7.370023073770813615e-02 1.601528683825225938e-02
-1.708582772517374185e-02 -5.963566667201930516e-02 1.396078207749882998e-02
-1.640679958965032478e-02 -4.931701962826112728e-02 2.530447036519659423e-02
-2.620196075817571389e-03 -4.547693128248959243e-02 1.977654536398354423e-02
1.150408496917830351e-04 -3.417472003240966394e-02 2.980171462816522815e-02
-4.029644174011633856e-03 -1.989312713862924006e-02 2.594481928861569822e-02
-1.138605834439218893e-03 -4.990093649969264307e-03 2.348716489614129446e-02
-3.492039913223497424e-03 9.709477782060080969e-03 1.969802937021429556e-02
1.878873118116027464e-03 2.366808132695446751e-02 1.622142742968720255e-02